sin(2.356194)=0.707107
cos(2.356194)=-0.707107
